frame,label,id,transform,bbox,image_path,detection_score,raw_pose_score,render_score
1,-1,-1,0.914291182326 -0.306878750022 0.264380533902 3.06730457782 -0.404599505857 -0.722931728457 0.560061564339 -1.31910035576 0.0192580835442 -0.61902758321 -0.785133095369 1.4283472139 0.0 0.0 0.0 1.0,,images/rgb_000001.png,,,
1,0,0,0.999633 -0.0190627 0.0192393 0.0418849 -0.00311418 -0.786549 -0.617521 0.0379663 0.0269043 0.617234 -0.786319 0.849153 0 0 3.95253e-323 1,,,,,
1,4,4,0.512182155745 0.854406422295 -0.0875163120678 0.0701811321301 0.365327736728 -0.308944181495 -0.878116813128 -0.105455228119 -0.777306300061 0.417783626129 -0.470374061386 0.813693578259 0.0 0.0 0.0 1.0,347 113 56 81,,0.99855405,0.2245513,1.0
1,2,2,-0.0754133401205 0.106930953364 -0.991402339792 0.0986651312464 0.611129487112 0.790579902818 0.0387835950212 -0.0505738756022 0.787929932236 -0.602950402996 -0.124968929789 0.869949598553 0.0 0.0 0.0 1.0,329 123 119 134,,0.7107176,0.09899708,1.0
2,-1,-1,0.914291182326 -0.306878750022 0.264380533902 3.06730457782 -0.404599505857 -0.722931728457 0.560061564339 -1.31910035576 0.0192580835442 -0.61902758321 -0.785133095369 1.4283472139 0.0 0.0 0.0 1.0,,images/rgb_000002.png,,,
2,0,0,0.999633 -0.0190627 0.0192393 0.0418849 -0.00311418 -0.786549 -0.617521 0.0379663 0.0269043 0.617234 -0.786319 0.849153 0 0 3.95253e-323 1,,,,,
2,4,4,0.512613863192 0.854456012908 -0.0844508689607 0.0700678670169 0.368684761664 -0.307872935912 -0.877089392166 -0.104954578598 -0.775434441961 0.418472433188 -0.472844846522 0.813222897593 0.0 0.0 0.0 1.0,348 113 55 81,,0.9980596,0.23047678,1.0
2,2,2,-0.102849017353 0.303141353236 -0.947379226914 0.0991247882407 0.429733633529 0.87250159264 0.232529514373 -0.0537817048088 0.897079195971 -0.383205285453 -0.220005966641 0.868814819881 0.0 0.0 0.0 1.0,329 123 120 134,,0.78644294,0.098652914,1.0
3,-1,-1,0.914291182326 -0.306878750022 0.264380533902 3.06730457782 -0.404599505857 -0.722931728457 0.560061564339 -1.31910035575 0.0192580835442 -0.61902758321 -0.785133095369 1.4283472139 0.0 0.0 0.0 1.0,,images/rgb_000003.png,,,
3,0,0,0.999633 -0.0190627 0.0192393 0.0418849 -0.00311418 -0.786549 -0.617521 0.0379663 0.0269043 0.617234 -0.786319 0.849153 0 0 3.95253e-323 1,,,,,
3,4,4,0.435215053468 0.89770354486 -0.0686746152541 0.0702591368636 0.396573794897 -0.259623159667 -0.880525434139 -0.106799768081 -0.808280324167 0.355983371114 -0.468997608794 0.814450894455 0.0 0.0 0.0 1.0,346 113 57 81,,0.99820054,0.22247085,1.0
3,2,2,0.0748456908411 0.561502473912 0.824083184122 0.0926826883698 0.660506890111 -0.647039324274 0.380881557652 -0.049119908598 0.747080163489 0.515805277826 -0.41930435806 0.876917113673 0.0 0.0 0.0 1.0,330 124 117 131,,0.82038885,0.060923476,1.0
4,-1,-1,0.914291182326 -0.306878750022 0.264380533902 3.06730457782 -0.404599505857 -0.722931728457 0.560061564339 -1.31910035576 0.0192580835442 -0.61902758321 -0.785133095369 1.4283472139 0.0 0.0 0.0 1.0,,images/rgb_000004.png,,,
4,0,0,0.999633 -0.0190627 0.0192393 0.0418849 -0.00311418 -0.786549 -0.617521 0.0379663 0.0269043 0.617234 -0.786319 0.849153 0 0 3.95253e-323 1,,,,,
4,4,4,0.400116382868 0.915896479961 -0.032257063638 0.0713793520465 0.336312659124 -0.179480454543 -0.924489351886 -0.106776262107 -0.852526055598 0.359054876629 -0.379840650925 0.814026977712 0.0 0.0 0.0 1.0,346 114 57 81,,0.9990114,0.21315557,1.0
4,2,2,-0.0387239408285 0.963392251226 0.265284426012 0.0953332598473 0.649789569308 -0.177409359674 0.739120717284 -0.0472854315746 0.759127111903 0.201000719843 -0.619132246452 0.880563873126 0.0 0.0 0.0 1.0,329 124 118 133,,0.8055922,0.09938915,1.0
5,-1,-1,0.914291182326 -0.306878750022 0.264380533902 3.06730457782 -0.404599505857 -0.722931728457 0.560061564339 -1.31910035576 0.0192580835442 -0.61902758321 -0.785133095369 1.4283472139 0.0 0.0 0.0 1.0,,images/rgb_000005.png,,,
5,0,0,0.999633 -0.0190627 0.0192393 0.0418849 -0.00311418 -0.786549 -0.617521 0.0379663 0.0269043 0.617234 -0.786319 0.849153 0 0 3.95253e-323 1,,,,,
5,4,4,0.420396445521 0.885889344443 -0.196129798845 0.0715092906985 0.212319177545 -0.30620531471 -0.927986461157 -0.10535937781 -0.882149304506 0.348480092179 -0.316818922911 0.815332817118 0.0 0.0 0.0 1.0,346 113 57 82,,0.99790907,0.21082672,1.0
5,2,2,-0.115312429547 -0.0106819009902 -0.993271836197 0.0943053856538 0.601494060716 0.795022991511 -0.0783794481456 -0.051567119024 0.790511188102 -0.606485234742 -0.0852509326943 0.867995553345 0.0 0.0 0.0 1.0,329 123 119 134,,0.80104345,0.10106472,1.0
6,-1,-1,0.914291182326 -0.306878750022 0.264380533902 3.06730457782 -0.404599505857 -0.722931728457 0.560061564339 -1.31910035576 0.0192580835442 -0.61902758321 -0.785133095369 1.4283472139 0.0 0.0 0.0 1.0,,images/rgb_000006.png,,,
6,0,0,0.999633 -0.0190627 0.0192393 0.0418849 -0.00311418 -0.786549 -0.617521 0.0379663 0.0269043 0.617234 -0.786319 0.849153 0 0 3.95253e-323 1,,,,,
6,4,4,0.464792917447 0.878341508165 -0.111730653471 0.0693649981404 0.226681199668 -0.240026983807 -0.943929383355 -0.105671851144 -0.855910729929 0.413404453385 -0.310666348859 0.815471150365 0.0 0.0 0.0 1.0,347 113 56 81,,0.99867094,0.21315557,1.0
6,2,2,-0.00617016870128 0.93121269022 -0.364424003863 0.0995682720517 0.562820755823 0.304462238494 0.768463103959 -0.0487987459553 0.82655594235 -0.200363846302 -0.525984413516 0.878862606918 0.0 0.0 0.0 1.0,329 123 119 135,,0.8207355,0.09270858,1.0
7,-1,-1,0.914291182326 -0.306878750022 0.264380533902 3.06730457782 -0.404599505857 -0.722931728457 0.560061564339 -1.31910035576 0.0192580835442 -0.61902758321 -0.785133095369 1.4283472139 0.0 0.0 0.0 1.0,,images/rgb_000007.png,,,
7,0,0,0.999633 -0.0190627 0.0192393 0.0418849 -0.00311418 -0.786549 -0.617521 0.0379663 0.0269043 0.617234 -0.786319 0.849153 0 0 3.95253e-323 1,,,,,
7,4,4,0.46026944175 0.886026077871 -0.0557658526703 0.0697477930112 0.427537935026 -0.276270595797 -0.860747275344 -0.106926962276 -0.778050997753 0.372333650415 -0.505968672611 0.814433058291 0.0 0.0 0.0 1.0,347 113 56 81,,0.9985331,0.21361747,1.0
7,2,2,0.00835796576138 -0.210332962025 0.97759408217 0.110995155297 0.659950920611 -0.733320564831 -0.163418883795 -0.0435671603252 0.751262222392 0.646529963948 0.13268036375 0.879046451099 0.0 0.0 0.0 1.0,334 121 115 137,,0.732263,0.06301849,1.0
8,-1,-1,0.914291182326 -0.306878750022 0.264380533902 3.06730457782 -0.404599505857 -0.722931728457 0.560061564339 -1.31910035576 0.0192580835442 -0.61902758321 -0.785133095369 1.4283472139 0.0 0.0 0.0 1.0,,images/rgb_000008.png,,,
8,0,0,0.999633 -0.0190627 0.0192393 0.0418849 -0.00311418 -0.786549 -0.617521 0.0379663 0.0269043 0.617234 -0.786319 0.849153 0 0 3.95253e-323 1,,,,,
8,4,4,0.431188922069 0.88870373013 -0.155826164488 0.0714133346507 0.189581821726 -0.258090000314 -0.947337471342 -0.105180777233 -0.882119519315 0.378939614967 -0.279767621164 0.815736960775 0.0 0.0 0.0 1.0,347 113 56 83,,0.9981242,0.21117263,1.0
8,2,2,0.0294370693121 0.995899852252 0.0855391327719 0.093293981208 0.612173059814 -0.085611822232 0.78607554391 -0.0485251567164 0.790175679067 0.0292249923722 -0.612183220966 0.884783025479 0.0 0.0 0.0 1.0,329 128 119 127,,0.83152527,0.081109084,1.0
9,-1,-1,0.914291182326 -0.306878750022 0.264380533902 3.06730457782 -0.404599505857 -0.722931728457 0.560061564339 -1.31910035576 0.0192580835442 -0.61902758321 -0.785133095369 1.4283472139 0.0 0.0 0.0 1.0,,images/rgb_000009.png,,,
9,0,0,0.999633 -0.0190627 0.0192393 0.0418849 -0.00311418 -0.786549 -0.617521 0.0379663 0.0269043 0.617234 -0.786319 0.849153 0 0 3.95253e-323 1,,,,,
9,4,4,0.4109450724 0.90885785863 -0.07142506756 0.0709896962432 0.486148690111 -0.284742765582 -0.826184609244 -0.107215581144 -0.77122214606 0.304793291026 -0.558853693888 0.814168372427 0.0 0.0 0.0 1.0,346 113 58 81,,0.9985916,0.22676782,1.0
9,2,2,0.0381806670304 0.9917606369 0.122282769681 0.0926657203226 0.639954392937 -0.118252543461 0.759259317312 -0.0479839452461 0.767463752646 0.0492663684537 -0.639196537314 0.884031441417 0.0 0.0 0.0 1.0,335 137 108 116,,0.8074634,0.07449672,1.0
10,-1,-1,0.914291182326 -0.306878750022 0.264380533902 3.06730457782 -0.404599505857 -0.722931728457 0.560061564339 -1.31910035576 0.0192580835442 -0.61902758321 -0.785133095369 1.4283472139 0.0 0.0 0.0 1.0,,images/rgb_000010.png,,,
10,0,0,0.999633 -0.0190627 0.0192393 0.0418849 -0.00311418 -0.786549 -0.617521 0.0379663 0.0269043 0.617234 -0.786319 0.849153 0 0 3.95253e-323 1,,,,,
10,4,4,0.425237291112 0.902003273452 -0.0745878068408 0.0708184326651 0.406157843256 -0.263823441745 -0.874890277662 -0.107271368629 -0.808831906276 0.341741548933 -0.478543269854 0.813757852408 0.0 0.0 0.0 1.0,346 113 57 82,,0.9989033,0.20333673,1.0
10,2,2,-0.0732312184189 0.966277696939 0.246869603326 0.0958693867561 0.724462410512 -0.118579444203 0.679038387109 -0.0523047314016 0.685413309182 0.228574556349 -0.69134815237 0.883050807757 0.0 0.0 0.0 1.0,329 125 119 132,,0.7072509,0.12687474,1.0
11,-1,-1,0.914291182326 -0.306878750022 0.264380533902 3.06730457782 -0.404599505857 -0.722931728457 0.560061564339 -1.31910035576 0.0192580835442 -0.61902758321 -0.785133095369 1.4283472139 0.0 0.0 0.0 1.0,,images/rgb_000011.png,,,
11,0,0,0.999633 -0.0190627 0.0192393 0.0418849 -0.00311418 -0.786549 -0.617521 0.0379663 0.0269043 0.617234 -0.786319 0.849153 0 0 3.95253e-323 1,,,,,
11,4,4,-0.0901074208546 -0.995864801082 0.0115737060608 0.0735891964937 -0.724205725249 0.0575410449896 -0.68717908558 -0.107317784189 0.683671500228 -0.0703016792584 -0.726395865675 0.816817111638 0.0 0.0 0.0 1.0,346 114 57 80,,0.998689,0.20016551,1.0
11,2,2,0.0478698540911 0.994390450598 0.0943191859046 0.0994074027783 0.586430163577 -0.10441911991 0.803241128581 -0.0516818199293 0.808584034171 0.0168605799934 -0.588139082638 0.880053335277 0.0 0.0 0.0 1.0,330 123 117 135,,0.762729,0.06808576,1.0
12,-1,-1,0.914291182326 -0.306878750022 0.264380533902 3.06730457782 -0.404599505857 -0.722931728457 0.560061564339 -1.31910035576 0.0192580835442 -0.61902758321 -0.785133095369 1.4283472139 0.0 0.0 0.0 1.0,,images/rgb_000012.png,,,
12,0,0,0.999633 -0.0190627 0.0192393 0.0418849 -0.00311418 -0.786549 -0.617521 0.0379663 0.0269043 0.617234 -0.786319 0.849153 0 0 3.95253e-323 1,,,,,
12,4,4,0.313290262813 0.946806908943 -0.0735247468818 0.0711471134959 0.478809657652 -0.224345633483 -0.84876990314 -0.109296842139 -0.820116164312 0.230706987139 -0.523625594409 0.81554133622 0.0 0.0 0.0 1.0,346 113 57 82,,0.99866414,0.19441615,1.0
12,2,2,0.0291656033784 0.994990569984 0.0956197323932 0.0960739719878 0.606805856358 -0.0936410265833 0.789314899663 -0.0492581301909 0.794314811815 0.0350017682953 -0.606497201928 0.883057858409 0.0 0.0 0.0 1.0,329 125 119 129,,0.8394722,0.08500698,1.0
13,-1,-1,0.914291182326 -0.306878750022 0.264380533902 3.06730457782 -0.404599505857 -0.722931728457 0.560061564339 -1.31910035576 0.0192580835442 -0.61902758321 -0.785133095369 1.4283472139 0.0 0.0 0.0 1.0,,images/rgb_000013.png,,,
13,0,0,0.999633 -0.0190627 0.0192393 0.0418849 -0.00311418 -0.786549 -0.617521 0.0379663 0.0269043 0.617234 -0.786319 0.849153 0 0 3.95253e-323 1,,,,,
13,4,4,0.494895735708 0.855547004638 -0.152044512012 0.0713326157673 0.124234728116 -0.242841021678 -0.962077944098 -0.10488253035 -0.860025547939 0.457239063341 -0.226469635595 0.815985096843 0.0 0.0 0.0 1.0,347 113 56 82,,0.9984484,0.22425571,1.0
13,2,2,-0.85311933727 0.521703383802 -0.00360218072069 0.0901905907332 -0.146695210394 -0.246498927943 -0.957976405644 -0.0608483705202 -0.500667466113 -0.816739773644 0.286824389695 0.868218894932 0.0 0.0 0.0 1.0,328 124 120 132,,0.7903107,0.1510422,1.0
14,-1,-1,0.914291182326 -0.306878750022 0.264380533902 3.06730457782 -0.404599505857 -0.722931728457 0.560061564339 -1.31910035576 0.0192580835442 -0.61902758321 -0.785133095369 1.4283472139 0.0 0.0 0.0 1.0,,images/rgb_000014.png,,,
14,0,0,0.999633 -0.0190627 0.0192393 0.0418849 -0.00311418 -0.786549 -0.617521 0.0379663 0.0269043 0.617234 -0.786319 0.849153 0 0 3.95253e-323 1,,,,,
14,4,4,0.439913994966 0.892705840843 -0.0977341227907 0.0717557854356 0.302512930296 -0.249778742948 -0.919835043133 -0.106403956176 -0.84555402195 0.375082472659 -0.379936224474 0.815083313686 0.0 0.0 0.0 1.0,347 113 57 82,,0.9985121,0.21267831,1.0
14,2,2,0.0876011874105 0.214448007412 0.972799097492 0.0945889312666 0.629724605639 -0.768596046093 0.112725502806 -0.0500657977025 0.771863299437 0.602720640136 -0.202373113175 0.876879430809 0.0 0.0 0.0 1.0,330 127 117 128,,0.8435956,0.06417159,1.0
15,-1,-1,0.914291182326 -0.306878750022 0.264380533902 3.06730457782 -0.404599505857 -0.722931728457 0.560061564339 -1.31910035576 0.0192580835442 -0.61902758321 -0.785133095369 1.4283472139 0.0 0.0 0.0 1.0,,images/rgb_000015.png,,,
15,0,0,0.999633 -0.0190627 0.0192393 0.0418849 -0.00311418 -0.786549 -0.617521 0.0379663 0.0269043 0.617234 -0.786319 0.849153 0 0 3.95253e-323 1,,,,,
15,4,4,0.392283246992 0.914493343416 -0.0990746131774 0.0718074104922 0.462785300766 -0.289297991641 -0.837935819396 -0.10827482441 -0.794948815663 0.282857909346 -0.536700832491 0.814052151856 0.0 0.0 0.0 1.0,346 113 57 82,,0.9982241,0.19477612,1.0
15,2,2,0.0679233768177 0.466215640008 -0.882059743948 0.104710686121 0.608168073236 0.681503727833 0.407043319128 -0.0440893101316 0.79089696521 -0.564088331702 -0.237247432987 0.880368592305 0.0 0.0 0.0 1.0,329 124 119 133,,0.7162904,0.08751766,1.0
16,-1,-1,0.914291182326 -0.306878750022 0.264380533902 3.06730457782 -0.404599505857 -0.722931728457 0.560061564339 -1.31910035576 0.0192580835442 -0.61902758321 -0.785133095369 1.4283472139 0.0 0.0 0.0 1.0,,images/rgb_000016.png,,,
16,0,0,0.999633 -0.0190627 0.0192393 0.0418849 -0.00311418 -0.786549 -0.617521 0.0379663 0.0269043 0.617234 -0.786319 0.849153 0 0 3.95253e-323 1,,,,,
16,4,4,0.397008898698 0.897906147705 -0.190127547369 0.0709940409974 0.134186665172 -0.261711092055 -0.955772589681 -0.105948474205 -0.907952572134 0.353937641696 -0.224388664032 0.815247405955 0.0 0.0 0.0 1.0,346 114 58 81,,0.9985039,0.20249304,1.0
16,2,2,-0.0692421736012 0.969562574572 0.234848750018 0.0951588086475 0.719260934512 -0.114608625241 0.68522154892 -0.0512910364279 0.691280861502 0.216363760852 -0.689432733129 0.883979688514 0.0 0.0 0.0 1.0,328 121 120 136,,0.784841,0.12407944,1.0
17,-1,-1,0.914291182326 -0.306878750022 0.264380533902 3.06730457782 -0.404599505857 -0.722931728457 0.560061564339 -1.31910035576 0.0192580835442 -0.61902758321 -0.785133095369 1.4283472139 0.0 0.0 0.0 1.0,,images/rgb_000017.png,,,
17,0,0,0.999633 -0.0190627 0.0192393 0.0418849 -0.00311418 -0.786549 -0.617521 0.0379663 0.0269043 0.617234 -0.786319 0.849153 0 0 3.95253e-323 1,,,,,
17,4,4,0.489926213999 0.866961750963 -0.0913762945355 0.068277648655 0.379587554393 -0.306510404996 -0.872905871317 -0.10663910377 -0.784783787668 0.39297416454 -0.479255373072 0.815277373683 0.0 0.0 0.0 1.0,347 113 56 81,,0.99786985,0.2252103,1.0
17,2,2,0.0118461550247 -0.238983370525 0.970951397972 0.110273065357 0.664607225282 -0.723616831736 -0.18621470654 -0.0444311674379 0.74709899258 0.647507242771 0.150257997606 0.879570429018 0.0 0.0 0.0 1.0,334 125 115 131,,0.8751474,0.048823103,1.0
18,-1,-1,0.914291182326 -0.306878750022 0.264380533902 3.06730457782 -0.404599505857 -0.722931728457 0.560061564339 -1.31910035576 0.0192580835442 -0.61902758321 -0.785133095369 1.4283472139 0.0 0.0 0.0 1.0,,images/rgb_000018.png,,,
18,0,0,0.999633 -0.0190627 0.0192393 0.0418849 -0.00311418 -0.786549 -0.617521 0.0379663 0.0269043 0.617234 -0.786319 0.849153 0 0 3.95253e-323 1,,,,,
18,4,4,0.51941069672 0.840238692294 -0.155600347383 0.0711520878775 0.343949577163 -0.37225812566 -0.862045576666 -0.104564601903 -0.782247541704 0.394237019891 -0.482354595339 0.814472966292 0.0 0.0 0.0 1.0,346 113 58 82,,0.9985197,0.24230549,1.0
18,2,2,-0.0812265886774 0.99082236179 0.10804299454 0.0924204274271 0.631659313904 -0.0326778404688 0.774557079821 -0.0495100087232 0.770979086909 0.131160993133 -0.623207863742 0.881659912589 0.0 0.0 0.0 1.0,329 125 120 130,,0.7551924,0.07083805,1.0
19,-1,-1,0.914291182326 -0.306878750022 0.264380533902 3.06730457782 -0.404599505857 -0.722931728457 0.560061564339 -1.31910035576 0.0192580835442 -0.61902758321 -0.785133095369 1.4283472139 0.0 0.0 0.0 1.0,,images/rgb_000019.png,,,
19,0,0,0.999633 -0.0190627 0.0192393 0.0418849 -0.00311418 -0.786549 -0.617521 0.0379663 0.0269043 0.617234 -0.786319 0.849153 0 0 3.95253e-323 1,,,,,
19,4,4,0.484027828332 0.87416792514 -0.0393382772549 0.0705190584317 -0.0711394396108 -0.00549613495962 -0.997451238223 -0.105982378215 -0.872156087826 0.485592659703 0.0595275340514 0.81869026559 0.0 0.0 0.0 1.0,345 113 58 82,,0.9981065,0.22517934,1.0
19,2,2,-0.00188929417134 0.995350782273 0.0962977195771 0.091054405043 0.631451801015 -0.0734832976457 0.771925403107 -0.0466325089369 0.775412827829 0.0622657626255 -0.628377212543 0.883467764728 0.0 0.0 0.0 1.0,328 125 121 130,,0.82006276,0.07220033,1.0
20,-1,-1,0.914291182326 -0.306878750022 0.264380533902 3.06730457782 -0.404599505857 -0.722931728457 0.560061564339 -1.31910035576 0.0192580835442 -0.61902758321 -0.785133095369 1.4283472139 0.0 0.0 0.0 1.0,,images/rgb_000020.png,,,
20,0,0,0.999633 -0.0190627 0.0192393 0.0418849 -0.00311418 -0.786549 -0.617521 0.0379663 0.0269043 0.617234 -0.786319 0.849153 0 0 3.95253e-323 1,,,,,
20,4,4,0.441694392536 0.883877478689 -0.153839742162 0.0711688977572 0.291229629364 -0.303442569959 -0.907252946932 -0.105934209583 -0.848581973991 0.355925848181 -0.391440192129 0.814258025017 0.0 0.0 0.0 1.0,346 113 57 82,,0.9984565,0.2044793,1.0
20,2,2,0.0124411099833 0.994998315596 0.0991139281018 0.0924356429009 0.622659591612 -0.0852671633815 0.777833236512 -0.0474216920094 0.782393923645 0.0520371291508 -0.620606063001 0.883889612982 0.0 0.0 0.0 1.0,329 125 120 130,,0.7673968,0.0771176,1.0
21,-1,-1,0.914291182326 -0.306878750022 0.264380533902 3.06730457782 -0.404599505857 -0.722931728457 0.560061564339 -1.31910035576 0.0192580835442 -0.61902758321 -0.785133095369 1.4283472139 0.0 0.0 0.0 1.0,,images/rgb_000021.png,,,
21,0,0,0.999633 -0.0190627 0.0192393 0.0418849 -0.00311418 -0.786549 -0.617521 0.0379663 0.0269043 0.617234 -0.786319 0.849153 0 0 3.95253e-323 1,,,,,
21,4,4,0.502981367669 0.847740402669 -0.168362565496 0.0717649289271 0.355764507236 -0.380601642998 -0.853565465994 -0.104594250484 -0.787681000894 0.36943010033 -0.493031481552 0.813305006765 0.0 0.0 0.0 1.0,347 113 56 82,,0.99844414,0.20526218,1.0
21,2,2,-0.00253281686407 0.99738207161 0.0722674758812 0.0952937232804 0.607796995185 -0.055851714729 0.792125872956 -0.0474956255713 0.794088406592 0.0459302644597 -0.606064364011 0.884650015052 0.0 0.0 0.0 1.0,329 124 120 132,,0.7316835,0.114193365,1.0
22,-1,-1,0.914291182326 -0.306878750022 0.264380533902 3.06730457782 -0.404599505857 -0.722931728457 0.560061564339 -1.31910035576 0.0192580835442 -0.61902758321 -0.785133095369 1.4283472139 0.0 0.0 0.0 1.0,,images/rgb_000022.png,,,
22,0,0,0.999633 -0.0190627 0.0192393 0.0418849 -0.00311418 -0.786549 -0.617521 0.0379663 0.0269043 0.617234 -0.786319 0.849153 0 0 3.95253e-323 1,,,,,
22,4,4,0.38779193703 0.917472823543 -0.0886624589874 0.0696652268861 0.330107334306 -0.228046241631 -0.915982565072 -0.106689182861 -0.860608250839 0.325942525206 -0.391299001852 0.815775868396 0.0 0.0 0.0 1.0,346 113 57 81,,0.997924,0.22516625,1.0
22,2,2,-0.0219720237579 0.999440457394 0.0252190859674 0.0977054325928 0.612679261688 -0.00647259187937 0.790305148567 -0.0485838515427 0.790026172016 0.0328158144713 -0.612194225594 0.88361811072 0.0 0.0 0.0 1.0,336 139 107 115,,0.7652318,0.09173479,1.0
23,-1,-1,0.914291182326 -0.306878750022 0.264380533902 3.06730457782 -0.404599505857 -0.722931728457 0.560061564339 -1.31910035576 0.0192580835442 -0.61902758321 -0.785133095369 1.4283472139 0.0 0.0 0.0 1.0,,images/rgb_000023.png,,,
23,0,0,0.999633 -0.0190627 0.0192393 0.0418849 -0.00311418 -0.786549 -0.617521 0.0379663 0.0269043 0.617234 -0.786319 0.849153 0 0 3.95253e-323 1,,,,,
23,4,4,0.418124783443 0.904822213502 -0.0804265343281 0.0710046865927 0.318638741972 -0.229002847105 -0.919797286434 -0.107277408583 -0.850670922028 0.358963031483 -0.384063177673 0.813327989919 0.0 0.0 0.0 1.0,346 113 58 82,,0.9984547,0.19328764,1.0
23,2,2,-0.103475210626 0.983916953867 0.145603257786 0.0974514889394 0.695205272854 -0.0331465108168 0.718046612287 -0.0525487549732 0.711324475456 0.175524177004 -0.680594412191 0.882413350235 0.0 0.0 0.0 1.0,329 125 119 132,,0.79460347,0.13721853,1.0
24,-1,-1,0.914291182326 -0.306878750022 0.264380533902 3.06730457782 -0.404599505857 -0.722931728457 0.560061564339 -1.31910035575 0.0192580835442 -0.61902758321 -0.785133095369 1.4283472139 0.0 0.0 0.0 1.0,,images/rgb_000024.png,,,
24,0,0,0.999633 -0.0190627 0.0192393 0.0418849 -0.00311418 -0.786549 -0.617521 0.0379663 0.0269043 0.617234 -0.786319 0.849153 0 0 3.95253e-323 1,,,,,
24,4,4,0.54673009797 0.826922751536 -0.131472289723 0.0710898960009 0.435075195879 -0.414719605545 -0.799197862051 -0.104792501867 -0.715399031243 0.379745193213 -0.586513268671 0.816572219374 0.0 0.0 0.0 1.0,347 113 56 82,,0.9979037,0.24952656,1.0
24,2,2,-0.0833358526333 0.973461059561 0.213140097553 0.0945443904036 0.67379533917 -0.102539242519 0.731768778137 -0.0498474427976 0.734203634272 0.204595379378 -0.647368329592 0.884854510429 0.0 0.0 0.0 1.0,329 125 120 130,,0.77395415,0.12200385,1.0
25,-1,-1,0.914291182326 -0.306878750022 0.264380533902 3.06730457782 -0.404599505857 -0.722931728457 0.560061564339 -1.31910035575 0.0192580835442 -0.61902758321 -0.785133095369 1.4283472139 0.0 0.0 0.0 1.0,,images/rgb_000025.png,,,
25,0,0,0.999633 -0.0190627 0.0192393 0.0418849 -0.00311418 -0.786549 -0.617521 0.0379663 0.0269043 0.617234 -0.786319 0.849153 0 0 3.95253e-323 1,,,,,
25,4,4,0.484428276201 0.864549548128 -0.133728546122 0.0717234068835 0.474239077345 -0.387971516817 -0.790300828582 -0.106293262377 -0.735137091117 0.319424765743 -0.59794755313 0.814776019432 0.0 0.0 0.0 1.0,347 113 56 82,,0.99850994,0.20007806,1.0
25,2,2,-0.132272030791 0.968675442574 0.210171351105 0.0939246467421 0.744498309214 -0.0428929205292 0.666245048722 -0.0501171892704 0.654390080493 0.244597801142 -0.715503695468 0.88596756207 0.0 0.0 0.0 1.0,329 125 120 132,,0.8136804,0.12372587,1.0
26,-1,-1,0.914291182326 -0.306878750022 0.264380533902 3.06730457782 -0.404599505857 -0.722931728457 0.560061564339 -1.31910035575 0.0192580835442 -0.61902758321 -0.785133095369 1.4283472139 0.0 0.0 0.0 1.0,,images/rgb_000026.png,,,
26,0,0,0.999633 -0.0190627 0.0192393 0.0418849 -0.00311418 -0.786549 -0.617521 0.0379663 0.0269043 0.617234 -0.786319 0.849153 0 0 3.95253e-323 1,,,,,
26,4,4,0.471235761302 0.879162222042 -0.0707859068201 0.0701944631683 0.434460042139 -0.301216690969 -0.84883035812 -0.106986424809 -0.767581480401 0.369245571965 -0.523904932721 0.813517572424 0.0 0.0 0.0 1.0,347 113 56 81,,0.998694,0.2014966,1.0
27,-1,-1,0.914291182326 -0.306878750022 0.264380533902 3.06730457782 -0.404599505857 -0.722931728457 0.560061564339 -1.31910035575 0.0192580835442 -0.61902758321 -0.785133095369 1.4283472139 0.0 0.0 0.0 1.0,,images/rgb_000027.png,,,
27,0,0,0.999633 -0.0190627 0.0192393 0.0418849 -0.00311418 -0.786549 -0.617521 0.0379663 0.0269043 0.617234 -0.786319 0.849153 0 0 3.95253e-323 1,,,,,
27,4,4,0.505645017855 0.85229562254 -0.133848002294 0.0720820852157 0.396816148222 -0.367512656118 -0.841113186262 -0.105380912366 -0.76606792155 0.372191643368 -0.524035609647 0.814365603149 0.0 0.0 0.0 1.0,347 113 56 82,,0.99894124,0.22548656,1.0
27,2,2,0.0120358541955 0.936108914983 0.351504249623 0.0964859432649 0.662798818773 -0.270678386647 0.698162543277 -0.0515422945465 0.748700784056 0.224573618869 -0.623709728689 0.878768153098 0.0 0.0 0.0 1.0,330 130 118 124,,0.76659507,0.10858519,1.0
28,-1,-1,0.914291182326 -0.306878750022 0.264380533902 3.06730457781 -0.404599505857 -0.722931728457 0.560061564339 -1.31910035575 0.0192580835442 -0.61902758321 -0.785133095369 1.4283472139 0.0 0.0 0.0 1.0,,images/rgb_000028.png,,,
28,0,0,0.999633 -0.0190627 0.0192393 0.0418849 -0.00311418 -0.786549 -0.617521 0.0379663 0.0269043 0.617234 -0.786319 0.849153 0 0 3.95253e-323 1,,,,,
28,4,4,0.50708447039 0.857473681136 -0.0872022135575 0.0707366445981 0.462791222827 -0.356232299239 -0.81174061932 -0.105923082441 -0.72711046201 0.371264642996 -0.57747116023 0.814483726916 0.0 0.0 0.0 1.0,348 113 55 81,,0.99865305,0.22384606,1.0
28,2,2,-0.0511615243489 0.995238655994 0.0829609308083 0.0943376604149 0.600775767355 -0.0356876257666 0.798620604998 -0.0467972360595 0.797778776219 0.090699564395 -0.596089433921 0.883911595882 0.0 0.0 0.0 1.0,329 126 120 128,,0.7954128,0.07705216,1.0
29,-1,-1,0.914291182326 -0.306878750022 0.264380533902 3.06730457781 -0.404599505857 -0.722931728457 0.560061564339 -1.31910035575 0.0192580835442 -0.61902758321 -0.785133095369 1.4283472139 0.0 0.0 0.0 1.0,,images/rgb_000029.png,,,
29,0,0,0.999633 -0.0190627 0.0192393 0.0418849 -0.00311418 -0.786549 -0.617521 0.0379663 0.0269043 0.617234 -0.786319 0.849153 0 0 3.95253e-323 1,,,,,
29,4,4,0.520964098187 0.833054198684 -0.18605673988 0.0723793966739 0.396766687139 -0.429328870637 -0.811327872573 -0.105372471811 -0.755759620763 0.348851577167 -0.554193082537 0.815456835235 0.0 0.0 0.0 1.0,347 113 56 82,,0.9986816,0.23080476,1.0
29,2,2,-0.0509306996006 0.989751390816 0.133410075391 0.0960058758839 0.628480193767 -0.0720530920095 0.774481115312 -0.0481492827674 0.776156369478 0.123290455062 -0.618369431497 0.88494689464 0.0 0.0 0.0 1.0,328 128 120 126,,0.7841902,0.10789348,1.0
30,-1,-1,0.914291182326 -0.306878750022 0.264380533902 3.06730457782 -0.404599505857 -0.722931728457 0.560061564339 -1.31910035575 0.0192580835442 -0.61902758321 -0.785133095369 1.4283472139 0.0 0.0 0.0 1.0,,images/rgb_000030.png,,,
30,0,0,0.999633 -0.0190627 0.0192393 0.0418849 -0.00311418 -0.786549 -0.617521 0.0379663 0.0269043 0.617234 -0.786319 0.849153 0 0 3.95253e-323 1,,,,,
30,4,4,-0.649169611485 -0.76063355745 -0.00392515043267 0.0736946473163 -0.586923600984 0.504184353231 -0.633497296415 -0.111921040222 0.483838301639 -0.408943430364 -0.773734947272 0.815149486397 0.0 0.0 0.0 1.0,347 113 60 80,,0.99852234,0.1545395,1.0
30,2,2,0.0181342636469 0.99454273726 0.102741871921 0.093935718921 0.618055945618 -0.0919244525797 0.780741149872 -0.0464547262332 0.785924930619 0.0493420589527 -0.616350034193 0.88375986075 0.0 0.0 0.0 1.0,329 127 119 129,,0.8377741,0.08193599,1.0
31,-1,-1,0.914397734874 -0.306688296353 0.264232986846 3.0677826709 -0.404358638681 -0.723012544916 0.560131191078 -1.31931549886 0.0192580835442 -0.61902758321 -0.785133095369 1.4283472139 0.0 0.0 0.0 1.0,,images/rgb_000031.png,,,
31,0,0,0.999633 -0.0190627 0.0192393 0.0418849 -0.00311418 -0.786549 -0.617521 0.0379663 0.0269043 0.617234 -0.786319 0.849153 0 0 3.95253e-323 1,,,,,
31,4,4,0.373564536263 0.926170151078 -0.0515595626256 0.0712127617544 0.441446544897 -0.226390141249 -0.868258286424 -0.107581429558 -0.815827484978 0.301589713347 -0.49342594131 0.815131033706 0.0 0.0 0.0 1.0,346 113 58 82,,0.9981704,0.21058263,1.0
31,2,2,-0.0955607988708 0.948778144499 0.30114475961 0.0947104934385 0.745052990764 -0.132451549908 0.65372213354 -0.0508861555971 0.660124363035 0.286839013121 -0.69423281821 0.880845729298 0.0 0.0 0.0 1.0,329 121 119 136,,0.7606519,0.13042834,1.0
32,-1,-1,0.914586398127 -0.306350745886 0.263971477354 3.06802877043 -0.403931735049 -0.723155634508 0.560254479411 -1.31944433971 0.0192580835442 -0.61902758321 -0.785133095369 1.4283472139 0.0 0.0 0.0 1.0,,images/rgb_000032.png,,,
32,0,0,0.999633 -0.0190627 0.0192393 0.0418849 -0.00311418 -0.786549 -0.617521 0.0379663 0.0269043 0.617234 -0.786319 0.849153 0 0 3.95253e-323 1,,,,,
32,4,4,0.32537648044 0.943836142542 -0.0574759254605 0.0710063542848 0.446219280435 -0.206850499377 -0.87069008532 -0.108163873069 -0.833677695362 0.257655209414 -0.488462171838 0.815918025324 0.0 0.0 0.0 1.0,346 113 57 81,,0.9980262,0.2149579,1.0
33,-1,-1,0.914585850178 -0.306351726873 0.263972237359 3.06841237462 -0.403932975718 -0.723155218931 0.560254121324 -1.31960491604 0.0192580835442 -0.61902758321 -0.785133095369 1.4283472139 0.0 0.0 0.0 1.0,,images/rgb_000033.png,,,
33,0,0,0.999633 -0.0190627 0.0192393 0.0418849 -0.00311418 -0.786549 -0.617521 0.0379663 0.0269043 0.617234 -0.786319 0.849153 0 0 3.95253e-323 1,,,,,
33,4,4,-0.533291405671 -0.845416727675 -0.0295098831694 0.0775134516053 -0.657367332212 0.436120466358 -0.614546279269 -0.109321490071 0.532417568435 -0.308333415948 -0.788328635426 0.820590620453 0.0 0.0 0.0 1.0,348 113 60 80,,0.9983967,0.1641586,1.0
33,2,2,0.057554507556 0.0348990959282 0.997732194411 0.098178356213 0.627624227168 -0.778464690577 -0.00897524351918 -0.0438025305116 0.776386056116 0.626717463159 -0.0667076700267 0.876078317644 0.0 0.0 0.0 1.0,327 127 122 127,,0.7005039,0.05759768,1.0
34,-1,-1,0.914258669876 -0.306936836467 0.264425533895 3.06755306002 -0.404672967684 -0.722907068471 0.560040319603 -1.31920023119 0.0192580835442 -0.61902758321 -0.785133095369 1.4283472139 0.0 0.0 0.0 1.0,,images/rgb_000034.png,,,
34,0,0,0.999633 -0.0190627 0.0192393 0.0418849 -0.00311418 -0.786549 -0.617521 0.0379663 0.0269043 0.617234 -0.786319 0.849153 0 0 3.95253e-323 1,,,,,
34,4,4,-0.740562021384 -0.670833398351 -0.0393756795584 0.0761928215822 -0.546697260815 0.635523584598 -0.545189763694 -0.107062783377 0.390755674944 -0.382220257282 -0.837387411789 0.820322620217 0.0 0.0 0.0 1.0,347 114 56 80,,0.9981548,0.14355531,1.0
35,-1,-1,0.915319305537 -0.305035415074 0.262952399612 3.07008277905 -0.402268188065 -0.723711438887 0.560733500065 -1.32040250309 0.0192580835442 -0.61902758321 -0.785133095369 1.4283472139 0.0 0.0 0.0 1.0,,images/rgb_000035.png,,,
35,0,0,0.999633 -0.0190627 0.0192393 0.0418849 -0.00311418 -0.786549 -0.617521 0.0379663 0.0269043 0.617234 -0.786319 0.849153 0 0 3.95253e-323 1,,,,,
35,4,4,0.474190563103 0.870644437626 -0.130849429096 0.0716021052009 0.496263096504 -0.387077819758 -0.77710597765 -0.106522327313 -0.727231908618 0.303560578274 -0.615617353886 0.815707695239 0.0 0.0 0.0 1.0,347 113 55 83,,0.9984682,0.2256949,1.0
35,2,2,-0.130421794486 0.956075731632 0.262505906422 0.0947182567142 0.755691165031 -0.0755344543507 0.650557767842 -0.0514784271745 0.641810734264 0.283220305751 -0.712646644413 0.879670407736 0.0 0.0 0.0 1.0,329 127 120 131,,0.7499616,0.13846241,1.0
36,-1,-1,0.915450374034 -0.30479950908 0.262769617623 3.07066606628 -0.401969823369 -0.723810825071 0.560819178177 -1.32066335624 0.0192580835442 -0.61902758321 -0.785133095369 1.4283472139 0.0 0.0 0.0 1.0,,images/rgb_000036.png,,,
36,0,0,0.999633 -0.0190627 0.0192393 0.0418849 -0.00311418 -0.786549 -0.617521 0.0379663 0.0269043 0.617234 -0.786319 0.849153 0 0 3.95253e-323 1,,,,,
36,4,4,0.335780297319 0.93921796683 -0.0715625790136 0.0691652395237 0.594943460729 -0.270371825363 -0.756928896651 -0.108300218392 -0.730269724463 0.21158612155 -0.649567119473 0.815495555162 0.0 0.0 0.0 1.0,346 113 56 81,,0.99683845,0.2204786,1.0
36,2,2,-0.148767876191 0.591930472505 -0.792140413521 0.105331058356 0.455378933597 0.752070718007 0.476465803551 -0.0472924300217 0.877780237787 -0.289841251096 -0.381436630796 0.873590190084 0.0 0.0 0.0 1.0,327 123 109 107,,0.8742515,0.095040955,1.0
37,-1,-1,0.915140618312 -0.305356694788 0.263201325346 3.06954812359 -0.402674527297 -0.723575939465 0.560616700512 -1.32015516383 0.0192580835442 -0.61902758321 -0.785133095369 1.4283472139 0.0 0.0 0.0 1.0,,images/rgb_000037.png,,,
37,0,0,0.999633 -0.0190627 0.0192393 0.0418849 -0.00311418 -0.786549 -0.617521 0.0379663 0.0269043 0.617234 -0.786319 0.849153 0 0 3.95253e-323 1,,,,,
37,4,4,0.41359816487 0.906612851357 -0.0836044004239 0.0682310686504 0.592557525938 -0.337762864649 -0.731294623062 -0.106182085898 -0.691239565181 0.252921697405 -0.676918369163 0.814867798151 0.0 0.0 0.0 1.0,346 113 55 83,,0.9980038,0.20634185,1.0
38,-1,-1,0.915494311878 -0.304720380308 0.262708307337 3.07431911644 -0.401869743993 -0.723844141408 0.560847900783 -1.32219007603 0.0192580835442 -0.61902758321 -0.785133095369 1.4283472139 0.0 0.0 0.0 1.0,,images/rgb_000038.png,,,
38,0,0,0.999633 -0.0190627 0.0192393 0.0418849 -0.00311418 -0.786549 -0.617521 0.0379663 0.0269043 0.617234 -0.786319 0.849153 0 0 3.95253e-323 1,,,,,
38,4,4,0.422780031161 0.906219108211 -0.00489623987836 0.0650447218992 0.529022704053 -0.251185425417 -0.810580570119 -0.107510634023 -0.735793465483 0.340107056633 -0.585606665075 0.813966068302 0.0 0.0 0.0 1.0,343 112 56 83,,0.996141,0.21803343,1.0
39,-1,-1,0.916046463495 -0.303723999967 0.261936268131 3.07606241736 -0.400609539248 -0.724262785921 0.56120888624 -1.32299014008 0.0192580835442 -0.61902758321 -0.785133095369 1.4283472139 0.0 0.0 0.0 1.0,,images/rgb_000039.png,,,
39,0,0,0.999633 -0.0190627 0.0192393 0.0418849 -0.00311418 -0.786549 -0.617521 0.0379663 0.0269043 0.617234 -0.786319 0.849153 0 0 3.95253e-323 1,,,,,
39,4,4,-0.664825337144 0.745383042507 -0.049105916491 0.063791647746 0.518733418571 0.413369007597 -0.748359341504 -0.109190629408 -0.537515498891 -0.523001131454 -0.661473283625 0.820861229441 0.0 0.0 0.0 1.0,339 114 59 83,,0.9898811,0.15730122,1.0
39,2,2,-0.0536448934479 0.992828012837 0.106839891114 0.0906463298125 0.699034269053 -0.039066409843 0.714020242229 -0.0479556598729 0.713073149191 0.112988285004 -0.691925090855 0.886400057105 0.0 0.0 0.0 1.0,326 124 118 138,,0.8169816,0.099330135,1.0
40,-1,-1,0.916323131828 -0.303223342617 0.261548317847 3.07690126171 -0.399976304667 -0.724472536206 0.56138979327 -1.32337552622 0.0192580835442 -0.61902758321 -0.785133095369 1.4283472139 0.0 0.0 0.0 1.0,,images/rgb_000040.png,,,
40,0,0,0.999633 -0.0190627 0.0192393 0.0418849 -0.00311418 -0.786549 -0.617521 0.0379663 0.0269043 0.617234 -0.786319 0.849153 0 0 3.95253e-323 1,,,,,
40,4,4,0.366114904693 0.925621867807 -0.0958333678768 0.0637001722757 0.573643408418 -0.305578275461 -0.759970497812 -0.107397906584 -0.732729906951 0.223262346587 -0.642853644352 0.817566391475 0.0 0.0 0.0 1.0,340 113 56 84,,0.9931416,0.19888373,1.0
40,2,2,-0.125116349193 -0.467647200855 -0.875015425405 0.0890472750084 0.515118606363 0.723139104914 -0.460133302775 -0.0609334487797 0.847937922577 -0.508306925466 0.150417249609 0.868483777578 0.0 0.0 0.0 1.0,323 128 116 129,,0.7505888,0.10238698,1.0
41,-1,-1,0.916737631197 -0.302471508068 0.260965711072 3.07970539885 -0.399025364815 -0.724786753489 0.561660858705 -1.32458995242 0.0192580835442 -0.61902758321 -0.785133095369 1.4283472139 0.0 0.0 0.0 1.0,,images/rgb_000041.png,,,
41,0,0,0.999633 -0.0190627 0.0192393 0.0418849 -0.00311418 -0.786549 -0.617521 0.0379663 0.0269043 0.617234 -0.786319 0.849153 0 0 3.95253e-323 1,,,,,
41,4,4,0.462762678421 0.878132134563 0.121386398363 0.0603342329153 0.500641416606 -0.145880397897 -0.853274329561 -0.108113790038 -0.731579712293 0.455634572609 -0.507137319475 0.819274112737 0.0 0.0 0.0 1.0,338 114 57 86,,0.9918899,0.16941382,1.0
42,-1,-1,0.916757602408 -0.302435230041 0.260937598014 3.07866722638 -0.398979478978 -0.724801892144 0.561673920081 -1.32416447746 0.0192580835442 -0.61902758321 -0.785133095369 1.4283472139 0.0 0.0 0.0 1.0,,images/rgb_000042.png,,,
42,0,0,0.999633 -0.0190627 0.0192393 0.0418849 -0.00311418 -0.786549 -0.617521 0.0379663 0.0269043 0.617234 -0.786319 0.849153 0 0 3.95253e-323 1,,,,,
42,4,4,0.345160614892 0.934165162328 -0.0905516395188 0.060513210468 0.578161589153 -0.287634925372 -0.763541306371 -0.108632780076 -0.739319502486 0.211190906998 -0.639378662488 0.816905364745 0.0 0.0 0.0 1.0,338 113 57 85,,0.9980413,0.20590283,1.0
43,-1,-1,0.916885289681 -0.302203167443 0.260757763362 3.08178246106 -0.398685956342 -0.724898680377 0.561757431106 -1.32546636423 0.0192580835442 -0.61902758321 -0.785133095369 1.4283472139 0.0 0.0 0.0 1.0,,images/rgb_000043.png,,,
43,0,0,0.999633 -0.0190627 0.0192393 0.0418849 -0.00311418 -0.786549 -0.617521 0.0379663 0.0269043 0.617234 -0.786319 0.849153 0 0 3.95253e-323 1,,,,,
43,4,4,-0.185066435595 0.982108592504 -0.0348299719536 0.0588032210978 0.695469869892 0.105847657949 -0.710716492969 -0.113202779664 -0.694314103622 -0.155752964135 -0.702615783821 0.821678764491 0.0 0.0 0.0 1.0,337 113 57 84,,0.99805367,0.17187817,1.0
44,-1,-1,0.916677420068 -0.302580852729 0.261050445508 3.08395376864 -0.399163667881 -0.724741111561 0.561621480587 -1.32633311227 0.0192580835442 -0.61902758321 -0.785133095369 1.4283472139 0.0 0.0 0.0 1.0,,images/rgb_000044.png,,,
44,0,0,0.999633 -0.0190627 0.0192393 0.0418849 -0.00311418 -0.786549 -0.617521 0.0379663 0.0269043 0.617234 -0.786319 0.849153 0 0 3.95253e-323 1,,,,,
44,4,4,0.0211470780071 -0.999238990528 0.0327756144246 0.0579836194101 -0.793482268491 -0.0367184583792 -0.60748468656 -0.106253433348 0.608225854993 -0.0131603428301 -0.793654909072 0.816480514519 0.0 0.0 0.0 1.0,337 116 54 78,,0.9978855,0.16607837,1.0
45,-1,-1,0.916379161416 -0.303121837596 0.261469661902 3.08591449412 -0.399847919515 -0.724515012127 0.561426431923 -1.32710192412 0.0192580835442 -0.61902758321 -0.785133095369 1.4283472139 0.0 0.0 0.0 1.0,,images/rgb_000045.png,,,
45,0,0,0.999633 -0.0190627 0.0192393 0.0418849 -0.00311418 -0.786549 -0.617521 0.0379663 0.0269043 0.617234 -0.786319 0.849153 0 0 3.95253e-323 1,,,,,
45,4,4,0.468251523535 0.874636945035 -0.125501892764 0.0553797211339 0.488584731164 -0.374640987702 -0.787990539795 -0.106747649641 -0.736223791506 0.307659462254 -0.602760469926 0.814156566953 0.0 0.0 0.0 1.0,338 113 54 82,,0.9981285,0.2036487,1.0
46,-1,-1,0.915795291547 -0.304177709579 0.262287828492 3.0878119187 -0.401183387241 -0.724072352891 0.561044666298 -1.32780797772 0.0192580835442 -0.61902758321 -0.785133095369 1.4283472139 0.0 0.0 0.0 1.0,,images/rgb_000046.png,,,
46,0,0,0.999633 -0.0190627 0.0192393 0.0418849 -0.00311418 -0.786549 -0.617521 0.0379663 0.0269043 0.617234 -0.786319 0.849153 0 0 3.95253e-323 1,,,,,
46,4,4,-0.37052054155 -0.918865622071 0.135648431123 0.054161784108 -0.718181212076 0.190808154933 -0.669184574412 -0.107273673317 0.589007873385 -0.345366785588 -0.730610367092 0.813254134564 0.0 0.0 0.0 1.0,336 115 55 80,,0.9984518,0.15389863,1.0
46,2,2,-0.0859648197634 0.980331777331 0.17765037607 0.0776155673502 0.659429179778 -0.0776768646986 0.7477429114 -0.0502137700597 0.746835461545 0.181427426387 -0.639781902162 0.88030813873 0.0 0.0 0.0 1.0,318 145 102 104,,0.76080894,0.095156565,1.0
47,-1,-1,0.915496952387 -0.304715624205 0.26270462222 3.088776238 -0.40186372863 -0.723846143591 0.560849626924 -1.3281679781 0.0192580835442 -0.61902758321 -0.785133095369 1.4283472139 0.0 0.0 0.0 1.0,,images/rgb_000047.png,,,
47,0,0,0.999633 -0.0190627 0.0192393 0.0418849 -0.00311418 -0.786549 -0.617521 0.0379663 0.0269043 0.617234 -0.786319 0.849153 0 0 3.95253e-323 1,,,,,
47,4,4,-0.74326119651 -0.668523602669 0.0252781810594 0.0510279702425 -0.550804287215 0.590061439386 -0.590289873651 -0.107201482558 0.379707033051 -0.452662888278 -0.806795437907 0.816861680243 0.0 0.0 0.0 1.0,333 117 57 80,,0.99765164,0.12801328,1.0
47,2,2,-0.304128526611 -0.121794455969 -0.944813182485 0.0795776648024 0.510174402518 0.816754251149 -0.269508018889 -0.053055153378 0.804504765876 -0.56398457756 -0.186261853201 0.86863657073 0.0 0.0 0.0 1.0,313 124 121 135,,0.7661574,0.10775865,1.0
48,-1,-1,0.915485637215 -0.304736004578 0.262720413306 3.08954570765 -0.401889505053 -0.72383756378 0.560842230033 -1.3284866482 0.0192580835442 -0.61902758321 -0.785133095369 1.4283472139 0.0 0.0 0.0 1.0,,images/rgb_000048.png,,,
48,0,0,0.999633 -0.0190627 0.0192393 0.0418849 -0.00311418 -0.786549 -0.617521 0.0379663 0.0269043 0.617234 -0.786319 0.849153 0 0 3.95253e-323 1,,,,,
48,4,4,0.460509538747 0.868242703875 -0.184622782698 0.0456484218663 0.0776365059991 -0.246588843787 -0.96600544256 -0.10645049446 -0.884253095929 0.430521253004 -0.1809638446 0.820883204762 0.0 0.0 0.0 1.0,331 114 57 82,,0.99783343,0.1804274,1.0
